4294967278,28
4294967278,27
4294967278,26
4294967278,37
4294967278,36
4294967278,35
4294967278,34
4294967278,33
4294967278,32
4294967278,31
4294967278,30
4294967278,29
4294967279,544
4294967279,336
4294967279,275
4294967279,255
4294967279,254
4294967278,57
4294967278,56
4294967278,55
4294967278,54
4294967278,53
4294967278,52
4294967278,51
4294967278,50
4294967278,49
4294967278,48
4294967278,47
4294967278,46
4294967278,45
4294967278,44
4294967278,43
4294967278,42
4294967278,41
4294967278,40
4294967278,39
4294967278,38
4294967278,353
4294967278,132
4294967278,130
4294967278,129
4294967278,126
4294967278,124
4294967278,123
4294967278,121
4294967278,117
4294967278,115
4294967278,112
4294967278,109
4294967278,108
4294967278,107
4294967278,101
4294967278,98
4294967278,97
4294967278,96
4294967278,94
4294967278,93
4294967278,92
4294967278,312
4294967278,91
4294967278,311
4294967278,89
4294967278,344
4294967278,87
4294967278,378
4294967278,86
4294967278,383
4294967278,85
4294967278,395
4294967278,83
4294967278,366
4294967278,80
4294967278,309
4294967278,78
4294967278,364
4294967278,77
4294967278,409
4294967278,76
4294967278,308
4294967278,75
4294967278,394
4294967278,74
4294967278,359
4294967278,73
4294967278,326
4294967278,72
4294967278,71
4294967278,405
4294967278,69
4294967278,338
4294967278,305
4294967278,304
4294967278,62
4294967278,402
4294967278,61
4294967278,60
4294967278,59
4294967278,58
4294967279,307
4294967279,569
4294967279,534
4294967279,533
4294967279,85
4294967279,558
4294967279,84
4294967279,532
4294967279,82
4294967279,81
4294967279,306
4294967279,80
4294967279,554
4294967279,79
4294967279,305
4294967279,78
4294967279,304
4294967279,77
4294967279,303
4294967279,76
4294967279,531
4294967279,75
4294967279,527
4294967279,74
4294967279,73
4294967279,519
4294967279,72
4294967279,323
4294967279,71
4294967279,568
4294967279,70
4294967279,69
4294967279,300
4294967279,68
4294967279,530
4294967279,67
4294967279,529
4294967279,66
4294967279,65
4294967279,299
4294967279,64
4294967279,63
4294967279,525
4294967279,62
4294967279,61
4294967279,60
4294967279,59
4294967279,58
4294967279,57
4294967279,56
4294967279,335
4294967279,55
4294967279,518
4294967279,54
4294967279,320
4294967279,52
4294967279,218
4294967279,50
4294967279,49
4294967279,48
4294967279,47
4294967279,292
4294967279,46
4294967279,45
4294967279,44
4294967279,43
4294967279,42
4294967279,550
4294967279,40
4294967279,327
4294967279,39
4294967279,38
4294967279,517
4294967279,37
4294967279,36
4294967279,35
4294967279,34
4294967279,33
4294967279,286
4294967279,32
4294967279,31
4294967279,30
4294967279,29
4294967279,28
4294967279,27
4294967279,26
4294967279,574
4294967279,25
4294967279,24
4294967279,23
4294967279,22
4294967279,21
4294967279,20
4294967279,267
4294967279,19
4294967279,18
4294967279,17
4294967279,278
4294967279,16
4294967279,15
4294967279,14
4294967279,13
4294967279,12
4294967279,260
4294967279,10
4294967279,9
4294967279,8
4294967279,7
4294967279,346
4294967278,128
4294967278,320
4294967278,127
4294967278,319
4294967278,125
4294967278,318
4294967278,349
234,5
4294967278,250
234,4
234,3
234,2
234,1
4294967278,248
4294967278,116
4294967278,397
4294967294,472
4294967278,240
4294967278,105
4294967278,114
4294967278,385
4294967278,234
4294967278,232
4294967279,345
232,6
232,5
232,4
4294967278,222
232,3
232,2
232,1
4294967278,221
4294967278,104
4294967278,219
4294967278,95
4294967294,392
4294967294,115
4294967294,424
4294967278,103
4294967278,217
4294967278,213
4294967294,37
4294967294,36
4294967294,39
4294967278,212
4294967278,207
4294967278,369
4294967294,40
4294967278,206
4294967278,205
4294967278,204
4294967278,203
4294967294,903
4294967294,904
4294967294,1415
4294967294,399
4294967294,385
4294967294,178
4294967294,168
4294967294,461
4294967294,468
4294967294,160
4294967294,110
4294967294,29
4294967294,45
4294967294,427
4294967294,44
4294967278,90
4294967278,202
4294967278,368
4294967278,201
229,5
4294967294,42
4294967278,84
4294967278,199
4294967279,199
229,4
4294967278,198
229,3
229,2
229,1
4294967278,367
4294967279,198
4294967294,51
4294967278,197
4294967294,53
4294967294,417
4294967294,99
4294967294,82
4294967279,83
4294967279,557
4294967294,5
4294967294,90
4294967294,87
4294967294,86
4294967294,84
4294967278,82
4294967278,343
4294967294,83
4294967278,81
4294967278,194
4294967278,342
4294967278,193
4294967294,91
4294967294,1413
4294967294,915
4294967294,914
4294967294,161
4294967294,421
4294967278,79
4294967278,192
4294967278,365
4294967279,192
4294967279,344
4294967278,191
4294967278,189
4294967279,187
228,5
4294967278,188
228,4
228,3
228,2
228,1
4294967278,187
4294967278,70
4294967278,185
4294967279,185
4294967278,184
4294967278,377
4294967279,184
4294967278,183
4294967279,301
4294967294,970
4294967278,68
4294967278,181
4294967278,404
4294967278,67
4294967278,255
4294967278,179
4294967278,416
4294967278,66
226,7
4294967278,65
4294967279,343
4294967279,540
